2.722294
2.722294
2.722294
3.739226
3.739226
3.739226
3.274578
3.274578
3.274578
2.828672
2.828672
2.828672
2.412755
2.412755
2.412755
2.801333
2.801333
2.801333
2.728590
2.728590
2.728590
1.802417
1.802417
1.802417
2.367886
2.367886
2.367886
2.497751
2.497751
2.497751
1.809434
1.809434
1.809434
0.701091
0.701091
0.701091
3.228120
3.228120
3.228120
3.133585
3.133585
3.133585
2.644020
2.644020
2.644020
1.691125
1.691125
1.691125
1.946553
1.946553
1.946553
1.556849
1.556849
1.556849
2.443081
2.443081
2.443081
1.351629
1.351629
1.351629
3.309262
3.309262
3.309262
3.141712
3.141712
3.141712
3.692467
3.692467
3.692467
4.912085
4.912085
4.912085
2.375460
2.375460
2.375460
