10.510482
10.510482
10.510482
11.442608
11.442608
11.442608
9.486217
9.486217
9.486217
9.219429
9.219429
9.219429
8.833610
8.833610
8.833610
9.552553
9.552553
9.552553
10.390188
10.390188
10.390188
10.468517
10.468517
10.468517
9.915455
9.915455
9.915455
10.098511
10.098511
10.098511
9.282262
9.282262
9.282262
9.687336
9.687336
9.687336
9.902370
9.902370
9.902370
9.734988
9.734988
9.734988
9.428908
9.428908
9.428908
9.110483
9.110483
9.110483
9.669983
9.669983
9.669983
9.204800
9.204800
9.204800
9.825598
9.825598
9.825598
9.651125
9.651125
9.651125
9.084621
9.084621
9.084621
10.892298
10.892298
10.892298
9.945177
9.945177
9.945177
10.189342
10.189342
10.189342
9.319313
9.319313
9.319313
