99.530231
99.530231
99.530231
99.687761
99.687761
99.687761
100.017293
100.017293
100.017293
99.886631
99.886631
99.886631
99.982177
99.982177
99.982177
100.020087
100.020087
100.020087
99.667288
99.667288
99.667288
99.245277
99.245277
99.245277
99.541320
99.541320
99.541320
99.599501
99.599501
99.599501
99.666439
99.666439
99.666439
99.648199
99.648199
99.648199
99.795761
99.795761
99.795761
99.082519
99.082519
99.082519
99.674598
99.674598
99.674598
99.602761
99.602761
99.602761
99.738133
99.738133
99.738133
100.151402
100.151402
100.151402
99.482019
99.482019
99.482019
99.533710
99.533710
99.533710
99.369519
99.369519
99.369519
99.633980
99.633980
99.633980
100.063565
100.063565
100.063565
99.897674
99.897674
99.897674
100.000051
100.000051
100.000051
