115.987994
115.987994
115.987994
116.807112
116.807112
116.807112
115.715126
115.715126
115.715126
116.334835
116.334835
116.334835
115.297880
115.297880
115.297880
114.943856
114.943856
114.943856
117.735697
117.735697
117.735697
117.398827
117.398827
117.398827
124.426209
124.426209
124.426209
114.627880
114.627880
114.627880
115.192420
115.192420
115.192420
118.480041
118.480041
118.480041
117.223127
117.223127
117.223127
115.776284
115.776284
115.776284
115.985346
115.985346
115.985346
121.625878
121.625878
121.625878
117.910612
117.910612
117.910612
116.625898
116.625898
116.625898
119.064423
119.064423
119.064423
120.259888
120.259888
120.259888
122.507036
122.507036
122.507036
117.187739
117.187739
117.187739
121.167504
121.167504
121.167504
118.043282
118.043282
118.043282
121.654390
121.654390
121.654390
