108.289481
108.289481
108.289481
107.846358
107.846358
107.846358
106.738065
106.738065
106.738065
107.079036
107.079036
107.079036
108.620025
108.620025
108.620025
109.132928
109.132928
109.132928
106.422539
106.422539
106.422539
108.696506
108.696506
108.696506
108.062593
108.062593
108.062593
106.065731
106.065731
106.065731
106.483315
106.483315
106.483315
108.914993
108.914993
108.914993
108.475303
108.475303
108.475303
107.705611
107.705611
107.705611
106.566518
106.566518
106.566518
105.909014
105.909014
105.909014
109.209862
109.209862
109.209862
108.005335
108.005335
108.005335
110.005112
110.005112
110.005112
108.047006
108.047006
108.047006
104.118481
104.118481
104.118481
106.003164
106.003164
106.003164
107.364772
107.364772
107.364772
109.512641
109.512641
109.512641
107.393812
107.393812
107.393812
