36.740022
36.740022
36.740022
36.260249
36.260249
36.260249
35.640075
35.640075
35.640075
36.488258
36.488258
36.488258
36.749173
36.749173
36.749173
36.155928
36.155928
36.155928
37.301928
37.301928
37.301928
37.803787
37.803787
37.803787
36.180346
36.180346
36.180346
35.853679
35.853679
35.853679
36.156477
36.156477
36.156477
35.810084
35.810084
35.810084
36.876976
36.876976
36.876976
37.951018
37.951018
37.951018
37.294988
37.294988
37.294988
37.711294
37.711294
37.711294
37.573202
37.573202
37.573202
36.421246
36.421246
36.421246
36.954429
36.954429
36.954429
38.483201
38.483201
38.483201
36.989892
36.989892
36.989892
35.954073
35.954073
35.954073
36.108400
36.108400
36.108400
36.824127
36.824127
36.824127
36.054427
36.054427
36.054427
