41.931945
41.931945
41.931945
42.164088
42.164088
42.164088
41.041564
41.041564
41.041564
41.643165
41.643165
41.643165
41.681173
41.681173
41.681173
41.296998
41.296998
41.296998
40.008244
40.008244
40.008244
40.291959
40.291959
40.291959
39.969408
39.969408
39.969408
39.991709
39.991709
39.991709
40.730535
40.730535
40.730535
40.982086
40.982086
40.982086
40.531551
40.531551
40.531551
40.586354
40.586354
40.586354
41.016274
41.016274
41.016274
40.569740
40.569740
40.569740
41.034031
41.034031
41.034031
40.966757
40.966757
40.966757
40.637437
40.637437
40.637437
40.291184
40.291184
40.291184
40.830086
40.830086
40.830086
40.323943
40.323943
40.323943
40.498841
40.498841
40.498841
40.619067
40.619067
40.619067
40.337390
40.337390
40.337390
