104.309298
104.309298
104.309298
104.361601
104.361601
104.361601
105.337878
105.337878
105.337878
104.909730
104.909730
104.909730
104.232498
104.232498
104.232498
104.128278
104.128278
104.128278
103.949699
103.949699
103.949699
103.799137
103.799137
103.799137
103.871036
103.871036
103.871036
104.525625
104.525625
104.525625
102.198249
102.198249
102.198249
102.416234
102.416234
102.416234
102.351232
102.351232
102.351232
102.334478
102.334478
102.334478
102.710827
102.710827
102.710827
103.295442
103.295442
103.295442
102.182139
102.182139
102.182139
102.700628
102.700628
102.700628
102.518554
102.518554
102.518554
102.656406
102.656406
102.656406
100.728323
100.728323
100.728323
102.588755
102.588755
102.588755
101.372313
101.372313
101.372313
101.656868
101.656868
101.656868
102.078017
102.078017
102.078017
