87.703903
87.703903
87.703903
87.231914
87.231914
87.231914
87.276212
87.276212
87.276212
87.280782
87.280782
87.280782
87.052362
87.052362
87.052362
87.255202
87.255202
87.255202
87.163516
87.163516
87.163516
87.467391
87.467391
87.467391
87.543490
87.543490
87.543490
87.510622
87.510622
87.510622
87.547166
87.547166
87.547166
87.598917
87.598917
87.598917
86.800925
86.800925
86.800925
86.850209
86.850209
86.850209
86.637142
86.637142
86.637142
86.971848
86.971848
86.971848
87.291818
87.291818
87.291818
86.988850
86.988850
86.988850
86.686298
86.686298
86.686298
86.962648
86.962648
86.962648
87.008374
87.008374
87.008374
86.804045
86.804045
86.804045
86.993398
86.993398
86.993398
86.877246
86.877246
86.877246
86.756939
86.756939
86.756939
