111.594370
111.594370
111.594370
112.477063
112.477063
112.477063
113.615843
113.615843
113.615843
112.243688
112.243688
112.243688
113.614107
113.614107
113.614107
112.526183
112.526183
112.526183
113.659575
113.659575
113.659575
112.981448
112.981448
112.981448
116.733627
116.733627
116.733627
114.471519
114.471519
114.471519
113.501453
113.501453
113.501453
113.714590
113.714590
113.714590
113.707766
113.707766
113.707766
112.999476
112.999476
112.999476
112.383162
112.383162
112.383162
113.228793
113.228793
113.228793
114.286417
114.286417
114.286417
113.090612
113.090612
113.090612
113.417142
113.417142
113.417142
112.520652
112.520652
112.520652
112.772048
112.772048
112.772048
113.594200
113.594200
113.594200
112.590067
112.590067
112.590067
112.335835
112.335835
112.335835
113.448634
113.448634
113.448634
