20.780976
20.780976
20.780976
21.318064
21.318064
21.318064
20.694114
20.694114
20.694114
21.081372
21.081372
21.081372
20.939386
20.939386
20.939386
21.182321
21.182321
21.182321
20.331033
20.331033
20.331033
21.245051
21.245051
21.245051
20.692754
20.692754
20.692754
20.742585
20.742585
20.742585
21.354875
21.354875
21.354875
21.000863
21.000863
21.000863
21.210956
21.210956
21.210956
20.798642
20.798642
20.798642
20.182863
20.182863
20.182863
20.974418
20.974418
20.974418
21.219001
21.219001
21.219001
20.502724
20.502724
20.502724
21.111552
21.111552
21.111552
20.612122
20.612122
20.612122
21.144882
21.144882
21.144882
21.091124
21.091124
21.091124
20.488212
20.488212
20.488212
20.899508
20.899508
20.899508
20.957212
20.957212
20.957212
