89.781545
89.781545
89.781545
89.867483
89.867483
89.867483
89.172984
89.172984
89.172984
89.614529
89.614529
89.614529
89.830357
89.830357
89.830357
89.773297
89.773297
89.773297
89.500669
89.500669
89.500669
89.699083
89.699083
89.699083
89.331830
89.331830
89.331830
89.717602
89.717602
89.717602
89.530073
89.530073
89.530073
90.043195
90.043195
90.043195
89.824500
89.824500
89.824500
89.550595
89.550595
89.550595
89.715079
89.715079
89.715079
89.553284
89.553284
89.553284
89.583990
89.583990
89.583990
89.543544
89.543544
89.543544
90.087107
90.087107
90.087107
89.761753
89.761753
89.761753
89.901432
89.901432
89.901432
89.886267
89.886267
89.886267
89.947405
89.947405
89.947405
89.532760
89.532760
89.532760
89.998569
89.998569
89.998569
