101.171388
107.903201
106.132810
106.759967
114.835215
107.829673
106.694859
110.551992
103.873811
107.242418
103.277753
111.284067
113.049699
109.319460
100.810975
106.345373
103.125107
103.841657
110.620152
103.402696
108.917980
112.472712
106.165390
111.065281
111.132559
117.863452
104.990739
107.387244
104.941476
112.631744
111.267541
104.056097
112.233402
115.066363
119.342068
107.485966
107.613074
110.099104
113.672132
115.770882
109.558603
113.036420
118.868585
112.021449
109.357049
105.459725
103.385136
107.730998
116.114189
110.681906
101.171388
107.903201
106.132810
106.759967
114.835215
107.829673
106.694859
110.551992
103.873811
107.242418
103.277753
111.284067
113.049699
109.319460
100.810975
106.345373
103.125107
103.841657
110.620152
103.402696
108.917980
112.472712
106.165390
111.065281
111.132559
117.863452
104.990739
107.387244
104.941476
112.631744
111.267541
104.056097
112.233402
115.066363
119.342068
107.485966
107.613074
110.099104
113.672132
115.770882
109.558603
113.036420
118.868585
112.021449
109.357049
105.459725
103.385136
107.730998
116.114189
110.681906
101.171388
107.903201
106.132810
106.759967
114.835215
107.829673
106.694859
110.551992
103.873811
107.242418
103.277753
111.284067
113.049699
109.319460
100.810975
106.345373
103.125107
103.841657
110.620152
103.402696
108.917980
112.472712
106.165390
111.065281
111.132559
117.863452
104.990739
107.387244
104.941476
112.631744
111.267541
104.056097
112.233402
115.066363
119.342068
107.485966
107.613074
110.099104
113.672132
115.770882
109.558603
113.036420
118.868585
112.021449
109.357049
105.459725
103.385136
107.730998
116.114189
110.681906
