57.033508
63.897557
60.781512
56.925033
60.810828
57.980307
58.382724
60.181117
58.894417
63.057828
62.668508
60.642664
63.175426
61.680312
63.685809
62.175226
63.653260
62.888467
59.684042
58.290715
60.501592
61.227659
58.400550
60.979566
62.024345
57.414734
57.224183
60.181502
60.083570
58.563085
59.171208
56.532500
57.225230
57.984340
60.062514
62.949196
63.574627
60.509777
58.638378
59.063593
63.764193
61.190029
57.383779
58.493906
63.487706
63.785625
59.195832
63.658408
59.248474
60.674610
57.033508
63.897557
60.781512
56.925033
60.810828
57.980307
58.382724
60.181117
58.894417
63.057828
62.668508
60.642664
63.175426
61.680312
63.685809
62.175226
63.653260
62.888467
59.684042
58.290715
60.501592
61.227659
58.400550
60.979566
62.024345
57.414734
57.224183
60.181502
60.083570
58.563085
59.171208
56.532500
57.225230
57.984340
60.062514
62.949196
63.574627
60.509777
58.638378
59.063593
63.764193
61.190029
57.383779
58.493906
63.487706
63.785625
59.195832
63.658408
59.248474
60.674610
57.033508
63.897557
60.781512
56.925033
60.810828
57.980307
58.382724
60.181117
58.894417
63.057828
62.668508
60.642664
63.175426
61.680312
63.685809
62.175226
63.653260
62.888467
59.684042
58.290715
60.501592
61.227659
58.400550
60.979566
62.024345
57.414734
57.224183
60.181502
60.083570
58.563085
59.171208
56.532500
57.225230
57.984340
60.062514
62.949196
63.574627
60.509777
58.638378
59.063593
63.764193
61.190029
57.383779
58.493906
63.487706
63.785625
59.195832
63.658408
59.248474
60.674610
