93.208309
94.181372
94.978576
95.360503
92.903455
95.051456
95.329477
94.668402
93.926436
94.027445
93.991460
93.929922
94.044236
94.264314
95.169229
94.218492
94.920798
94.619025
94.024781
93.866552
94.722221
94.577534
94.798029
93.732904
95.171605
93.090762
93.015631
93.160820
94.394045
94.785982
93.858242
93.989257
94.238174
94.143289
94.682129
93.671734
93.861077
94.689703
96.076381
93.506273
95.058998
94.863557
94.075612
92.979944
94.661030
94.834445
94.710150
93.968861
95.070571
94.355341
93.208309
94.181372
94.978576
95.360503
92.903455
95.051456
95.329477
94.668402
93.926436
94.027445
93.991460
93.929922
94.044236
94.264314
95.169229
94.218492
94.920798
94.619025
94.024781
93.866552
94.722221
94.577534
94.798029
93.732904
95.171605
93.090762
93.015631
93.160820
94.394045
94.785982
93.858242
93.989257
94.238174
94.143289
94.682129
93.671734
93.861077
94.689703
96.076381
93.506273
95.058998
94.863557
94.075612
92.979944
94.661030
94.834445
94.710150
93.968861
95.070571
94.355341
93.208309
94.181372
94.978576
95.360503
92.903455
95.051456
95.329477
94.668402
93.926436
94.027445
93.991460
93.929922
94.044236
94.264314
95.169229
94.218492
94.920798
94.619025
94.024781
93.866552
94.722221
94.577534
94.798029
93.732904
95.171605
93.090762
93.015631
93.160820
94.394045
94.785982
93.858242
93.989257
94.238174
94.143289
94.682129
93.671734
93.861077
94.689703
96.076381
93.506273
95.058998
94.863557
94.075612
92.979944
94.661030
94.834445
94.710150
93.968861
95.070571
94.355341
