106.962430
105.865684
103.759402
103.148845
103.187951
103.120187
104.750888
104.841273
100.627516
104.037505
105.245743
106.861358
107.310719
105.543483
99.285947
103.426210
102.969307
102.166053
108.144954
100.499611
102.521674
106.849911
103.424074
107.309190
105.463581
109.754699
104.476727
106.958003
104.923667
107.780605
105.996304
102.047709
104.802913
106.828268
110.569809
107.462550
100.720987
100.784188
104.451497
106.633515
105.014277
106.329602
110.479303
106.207601
107.464147
103.294748
102.787624
106.182290
104.042084
106.328780
106.962430
105.865684
103.759402
103.148845
103.187951
103.120187
104.750888
104.841273
100.627516
104.037505
105.245743
106.861358
107.310719
105.543483
99.285947
103.426210
102.969307
102.166053
108.144954
100.499611
102.521674
106.849911
103.424074
107.309190
105.463581
109.754699
104.476727
106.958003
104.923667
107.780605
105.996304
102.047709
104.802913
106.828268
110.569809
107.462550
100.720987
100.784188
104.451497
106.633515
105.014277
106.329602
110.479303
106.207601
107.464147
103.294748
102.787624
106.182290
104.042084
106.328780
106.962430
105.865684
103.759402
103.148845
103.187951
103.120187
104.750888
104.841273
100.627516
104.037505
105.245743
106.861358
107.310719
105.543483
99.285947
103.426210
102.969307
102.166053
108.144954
100.499611
102.521674
106.849911
103.424074
107.309190
105.463581
109.754699
104.476727
106.958003
104.923667
107.780605
105.996304
102.047709
104.802913
106.828268
110.569809
107.462550
100.720987
100.784188
104.451497
106.633515
105.014277
106.329602
110.479303
106.207601
107.464147
103.294748
102.787624
106.182290
104.042084
106.328780
