110.561293
108.263001
103.356681
103.021546
101.413093
100.389669
104.531701
104.587432
98.722980
104.855577
106.554208
108.009965
110.107884
104.389513
94.723323
103.532914
100.057695
101.729245
109.607400
100.209835
100.204043
108.259372
104.301649
111.326170
106.682114
114.862428
107.830720
109.996755
106.504415
115.848670
110.146578
100.627501
106.187404
108.877774
116.781425
109.719872
102.429398
101.080549
108.972891
110.339550
105.610750
109.842735
118.883340
109.668692
108.956201
105.147326
105.046651
107.459118
106.093909
108.404435
110.561293
108.263001
103.356681
103.021546
101.413093
100.389669
104.531701
104.587432
98.722980
104.855577
106.554208
108.009965
110.107884
104.389513
94.723323
103.532914
100.057695
101.729245
109.607400
100.209835
100.204043
108.259372
104.301649
111.326170
106.682114
114.862428
107.830720
109.996755
106.504415
115.848670
110.146578
100.627501
106.187404
108.877774
116.781425
109.719872
102.429398
101.080549
108.972891
110.339550
105.610750
109.842735
118.883340
109.668692
108.956201
105.147326
105.046651
107.459118
106.093909
108.404435
110.561293
108.263001
103.356681
103.021546
101.413093
100.389669
104.531701
104.587432
98.722980
104.855577
106.554208
108.009965
110.107884
104.389513
94.723323
103.532914
100.057695
101.729245
109.607400
100.209835
100.204043
108.259372
104.301649
111.326170
106.682114
114.862428
107.830720
109.996755
106.504415
115.848670
110.146578
100.627501
106.187404
108.877774
116.781425
109.719872
102.429398
101.080549
108.972891
110.339550
105.610750
109.842735
118.883340
109.668692
108.956201
105.147326
105.046651
107.459118
106.093909
108.404435
