10.689468
4.105854
13.927282
11.943422
8.510851
9.476809
11.993249
9.945887
5.174180
3.240508
11.682843
3.375180
2.492250
5.609139
5.767695
7.003507
14.827696
11.114345
9.355690
7.262126
12.064167
10.554629
8.879518
9.733232
5.126300
9.913983
8.598931
10.591620
7.991705
4.842981
14.094373
8.700074
11.382495
9.771650
7.009364
11.893814
3.941285
11.167975
7.943217
5.200898
9.632907
0.328253
6.538951
6.833366
7.350013
7.136992
3.891463
5.168781
12.145545
-0.665717
10.689468
4.105854
13.927282
11.943422
8.510851
9.476809
11.993249
9.945887
5.174180
3.240508
11.682843
3.375180
2.492250
5.609139
5.767695
7.003507
14.827696
11.114345
9.355690
7.262126
12.064167
10.554629
8.879518
9.733232
5.126300
9.913983
8.598931
10.591620
7.991705
4.842981
14.094373
8.700074
11.382495
9.771650
7.009364
11.893814
3.941285
11.167975
7.943217
5.200898
9.632907
0.328253
6.538951
6.833366
7.350013
7.136992
3.891463
5.168781
12.145545
-0.665717
10.689468
4.105854
13.927282
11.943422
8.510851
9.476809
11.993249
9.945887
5.174180
3.240508
11.682843
3.375180
2.492250
5.609139
5.767695
7.003507
14.827696
11.114345
9.355690
7.262126
12.064167
10.554629
8.879518
9.733232
5.126300
9.913983
8.598931
10.591620
7.991705
4.842981
14.094373
8.700074
11.382495
9.771650
7.009364
11.893814
3.941285
11.167975
7.943217
5.200898
9.632907
0.328253
6.538951
6.833366
7.350013
7.136992
3.891463
5.168781
12.145545
-0.665717
