5.790707
3.799164
4.531418
4.167500
5.710134
9.996055
5.765479
4.832043
8.476847
3.923519
3.840629
6.306250
6.468503
4.500915
7.968272
5.012857
10.310434
5.605496
6.544320
10.606478
9.128387
7.012696
4.406405
8.273315
4.381987
6.055225
5.682843
7.680186
5.172248
5.930938
6.015187
5.925405
5.306825
7.322865
6.037798
6.878505
7.910460
8.479662
7.909361
7.536793
7.655381
6.895148
6.873004
6.460275
9.362362
12.228315
12.345319
8.487791
8.817543
9.112702
5.790707
3.799164
4.531418
4.167500
5.710134
9.996055
5.765479
4.832043
8.476847
3.923519
3.840629
6.306250
6.468503
4.500915
7.968272
5.012857
10.310434
5.605496
6.544320
10.606478
9.128387
7.012696
4.406405
8.273315
4.381987
6.055225
5.682843
7.680186
5.172248
5.930938
6.015187
5.925405
5.306825
7.322865
6.037798
6.878505
7.910460
8.479662
7.909361
7.536793
7.655381
6.895148
6.873004
6.460275
9.362362
12.228315
12.345319
8.487791
8.817543
9.112702
5.790707
3.799164
4.531418
4.167500
5.710134
9.996055
5.765479
4.832043
8.476847
3.923519
3.840629
6.306250
6.468503
4.500915
7.968272
5.012857
10.310434
5.605496
6.544320
10.606478
9.128387
7.012696
4.406405
8.273315
4.381987
6.055225
5.682843
7.680186
5.172248
5.930938
6.015187
5.925405
5.306825
7.322865
6.037798
6.878505
7.910460
8.479662
7.909361
7.536793
7.655381
6.895148
6.873004
6.460275
9.362362
12.228315
12.345319
8.487791
8.817543
9.112702
