20.192558
16.871948
20.529094
18.438396
19.525199
18.282079
19.274048
19.397159
16.803352
15.060796
18.103924
17.865844
17.387268
17.161756
19.037291
19.326798
21.142337
21.584328
19.674592
19.787065
18.118342
19.382600
18.992229
19.770657
17.655521
19.839356
19.795613
21.780687
17.729696
18.884640
20.574137
18.997756
20.009827
19.749626
16.421461
21.458993
16.827711
17.973510
17.634130
14.579906
18.437324
19.253077
16.830539
15.288002
19.615117
19.648939
18.777737
21.532431
22.977919
17.341018
20.192558
16.871948
20.529094
18.438396
19.525199
18.282079
19.274048
19.397159
16.803352
15.060796
18.103924
17.865844
17.387268
17.161756
19.037291
19.326798
21.142337
21.584328
19.674592
19.787065
18.118342
19.382600
18.992229
19.770657
17.655521
19.839356
19.795613
21.780687
17.729696
18.884640
20.574137
18.997756
20.009827
19.749626
16.421461
21.458993
16.827711
17.973510
17.634130
14.579906
18.437324
19.253077
16.830539
15.288002
19.615117
19.648939
18.777737
21.532431
22.977919
17.341018
20.192558
16.871948
20.529094
18.438396
19.525199
18.282079
19.274048
19.397159
16.803352
15.060796
18.103924
17.865844
17.387268
17.161756
19.037291
19.326798
21.142337
21.584328
19.674592
19.787065
18.118342
19.382600
18.992229
19.770657
17.655521
19.839356
19.795613
21.780687
17.729696
18.884640
20.574137
18.997756
20.009827
19.749626
16.421461
21.458993
16.827711
17.973510
17.634130
14.579906
18.437324
19.253077
16.830539
15.288002
19.615117
19.648939
18.777737
21.532431
22.977919
17.341018
