38.704793
36.424360
33.462431
35.890977
36.344603
34.515687
35.524994
35.443441
34.890720
35.204365
37.075720
36.579606
34.702660
35.871257
36.137595
36.274772
38.645926
36.869445
34.792891
35.633537
33.565601
35.017117
33.806913
35.315556
34.580416
39.415749
36.329131
40.278424
34.114676
34.059272
37.127426
38.950539
36.040585
36.461242
35.339500
34.086863
32.481541
35.390853
33.417559
34.474089
33.544201
31.474571
36.042360
35.174385
33.595197
35.261112
31.845613
35.567285
33.759027
34.194260
38.704793
36.424360
33.462431
35.890977
36.344603
34.515687
35.524994
35.443441
34.890720
35.204365
37.075720
36.579606
34.702660
35.871257
36.137595
36.274772
38.645926
36.869445
34.792891
35.633537
33.565601
35.017117
33.806913
35.315556
34.580416
39.415749
36.329131
40.278424
34.114676
34.059272
37.127426
38.950539
36.040585
36.461242
35.339500
34.086863
32.481541
35.390853
33.417559
34.474089
33.544201
31.474571
36.042360
35.174385
33.595197
35.261112
31.845613
35.567285
33.759027
34.194260
38.704793
36.424360
33.462431
35.890977
36.344603
34.515687
35.524994
35.443441
34.890720
35.204365
37.075720
36.579606
34.702660
35.871257
36.137595
36.274772
38.645926
36.869445
34.792891
35.633537
33.565601
35.017117
33.806913
35.315556
34.580416
39.415749
36.329131
40.278424
34.114676
34.059272
37.127426
38.950539
36.040585
36.461242
35.339500
34.086863
32.481541
35.390853
33.417559
34.474089
33.544201
31.474571
36.042360
35.174385
33.595197
35.261112
31.845613
35.567285
33.759027
34.194260
