41.221473
38.907439
38.894449
39.343828
42.628089
40.278948
40.351858
38.663181
41.831554
40.879133
40.199333
42.850813
41.042359
42.525978
38.049601
41.739411
40.750875
40.908067
41.343660
42.398204
40.208465
38.667921
40.962680
40.932563
38.947631
42.615751
42.796677
42.338530
39.967717
38.295809
41.442081
41.189409
41.436865
42.870633
39.874615
40.245992
41.342181
39.285326
40.746389
40.477745
39.327152
39.441292
43.836433
43.784740
40.011151
43.131890
38.843305
38.966996
37.767195
38.130972
41.221473
38.907439
38.894449
39.343828
42.628089
40.278948
40.351858
38.663181
41.831554
40.879133
40.199333
42.850813
41.042359
42.525978
38.049601
41.739411
40.750875
40.908067
41.343660
42.398204
40.208465
38.667921
40.962680
40.932563
38.947631
42.615751
42.796677
42.338530
39.967717
38.295809
41.442081
41.189409
41.436865
42.870633
39.874615
40.245992
41.342181
39.285326
40.746389
40.477745
39.327152
39.441292
43.836433
43.784740
40.011151
43.131890
38.843305
38.966996
37.767195
38.130972
41.221473
38.907439
38.894449
39.343828
42.628089
40.278948
40.351858
38.663181
41.831554
40.879133
40.199333
42.850813
41.042359
42.525978
38.049601
41.739411
40.750875
40.908067
41.343660
42.398204
40.208465
38.667921
40.962680
40.932563
38.947631
42.615751
42.796677
42.338530
39.967717
38.295809
41.442081
41.189409
41.436865
42.870633
39.874615
40.245992
41.342181
39.285326
40.746389
40.477745
39.327152
39.441292
43.836433
43.784740
40.011151
43.131890
38.843305
38.966996
37.767195
38.130972
